2.401586705978394076e-01 3.048124252403708323e-01 4.303002245672733483e-01 1.080106827007267234e-01 3.285910964068577966e-01 2.213583729099005137e-01 2.589157166415737565e-01 3.074614858573413434e-01 2.325665397885070540e-01 2.524929620360715776e-01 2.011641347159342230e-01 3.870798464381057791e-01
1.753806773601335189e-01 6.552412375540118961e-02 2.765247334025809911e-01 3.607941158087500377e-01 2.985821900598762957e-01 1.343590578041990724e-01 2.155817577834995835e-01 2.883034389738782788e-01 3.868136371820991570e-01 1.192501800166393539e-02 9.517093667980319402e-03 7.154587219440594614e-03
1.112393430182574000e-02 9.422492012538941433e-03 8.979712363262391459e-03 1.510773443469681093e-02 8.829966585287788577e-03 9.406726057080807765e-03 1.223983364330974433e-02 1.187100315074164983e-02 7.115806200696313429e-03 1.133248249731441150e-02 4.252138350183341450e-03 3.570840934620386764e-03
1.320153635118609739e-02 1.343048486003452571e-02 6.251373607472734614e-03 5.766811307331460787e-03 9.619266505080969684e-03 6.682527384733419340e-03 9.951658654146763178e-03 1.641760419735147428e-02 1.823764445867061615e-02 6.931108371022895627e-03 6.436598554256973623e-03 3.336838643699929080e-02
4.199477094166220725e-02 6.210815993948529123e-03 9.435643369589524418e-03 1.234026697280046075e-02 3.447536563370450641e-02 1.435360859878817910e-02 3.861861382222001732e-03 1.749682973243752576e-02 1.062794095164926872e-02 2.548386017467945200e-02 3.261038075551793425e-02 1.009199394059507454e-02
1.547729982589396251e-02 3.531657112687143496e-02 1.142605922640009888e-02 1.746064142055097634e-01 2.141303327606827178e-01 2.499747845522054535e-01 1.087612212273759427e-01 9.165520933832159434e-02 2.029800187947480017e-01 1.620096462462969622e-01 5.976634780551082216e-02 1.603127384619119911e-01
1.147488897014448672e-01 1.693543772552088822e-01 1.350393692574457793e-01 1.375097145011580924e-01 4.423103490467908405e-02 7.134085776725324068e-02 2.560413537630146785e-01 1.759609697054959065e-01 3.143403977427601248e-01 9.801093786546685727e-02 3.206150986352201415e-01 2.190317437165840153e-01
7.100727101139563124e-03 6.490766474561425123e-03 3.665542056935415949e-03 1.285565775040809107e-02 5.247988768134276109e-03 1.217798661946311277e-02 9.162497948552847729e-03 1.249301411207631024e-02 1.218617753459774224e-02 7.179001199131096120e-03 1.670744866752738728e-02 1.443292324894915324e-02
7.536708960463237190e-03 5.142872568542957226e-03 7.172416729431656604e-03 1.428319246729699982e-02 7.817418137209170698e-03 2.331002331002330133e-03 1.183096602149424394e-02 1.702382334535738895e-02 7.162665948162846331e-03 5.584271705131816921e-01 6.723182888579509742e-01 5.907536488707368916e-01
7.692307692307691624e-01 5.264670970815571449e-01 3.756296413072496287e-01 3.455540443457817967e-01 5.634940342950706116e-01 7.537325204093084929e-01 5.734410037373514069e-01 5.425931230013131268e-01 6.452546008203434713e-01 3.820199164265429270e-01 1.956871091328039880e-01 6.298970413079649777e-01
5.970591139476610909e-01 4.658321829821502336e-01 3.403365431693232690e-01 4.686973782782433706e-01 5.307516468348515426e-01 4.992085000053195776e-01 1.998567811415041459e-02 7.456242922068385265e-03 6.779017182234939841e-03 1.508874798759468963e-02 1.149835744572155240e-02 2.593668131172371938e-02
7.502676940583240424e-03 1.033508894357066527e-02 1.351791756039730751e-02 3.072794111139964812e-02 2.271121224470449423e-02 1.492232410296579805e-02 6.149704575914244874e-03 5.780831800000480088e-03 7.502693504333047061e-03 2.636958968845403567e-02 1.280275239681582904e-02 8.189229368045548157e-03
1.187459138838272733e-02 1.981560593988760180e-02 1.631538552265668005e-02 1.061105530503316484e-02 3.457576073330865390e-02 2.155232439430199501e-02 2.431772115348312946e-02 5.972486176411218040e-02 5.260003797931141374e-03 4.434057455459291391e-02 7.941187748540957242e-03 2.097524276767224680e-02
6.191672091875583157e-03 8.406353471957818402e-03 1.198866502670504867e-02 1.764739732586717916e-02 3.325734655149255922e-03 9.321855465648591285e-03 6.739581684035855780e-02 2.760857675730226876e-02 1.891095261237283817e-02 1.825529660949594055e-02 1.766803989546078535e-02 2.276838048095393072e-02
2.652131573725742264e-01 2.291265214581417464e-01 5.023854784141458252e-01 9.837484477022112594e-02 2.454269258594791447e-01 3.052979010443697683e-01 2.747145507134745590e-01 1.429842807557428208e-01 2.956442463769877183e-01 2.206866296457505039e-01 2.236234579604491624e-01 3.729790283169358012e-01
8.066606963445871470e-02 1.370625004620303344e-01 3.053540451757256746e-01 4.001908570979293978e-01 3.881276599378236658e-01 2.074256571212647893e-01 1.322226299602560773e-01 2.689468557955820294e-01 2.569364108204446051e-01 6.699969661961345524e-02 1.294617417882236443e-01 1.682405173656220942e-01
6.493055314998348593e-02 5.579346463637653575e-02 6.438103616085165404e-02 1.611135350472602257e-01 2.600366805849345375e-02 5.252259821538605294e-02 3.184127720552591689e-02 1.299004588447865982e-01 3.151699459170410889e-02 7.524235051505090421e-02 5.241654307123613799e-02 3.929473939694797663e-02
1.568988248027392285e-01 1.241202503224707598e-01 4.134113334404851958e-01 4.370648497568692392e-02 7.817930409419548976e-02 1.017364086401541939e-01 1.831629534322058717e-01 1.069230919067162555e-01 8.405831554238783754e-02 1.683015356281498676e-01 2.793281053036236194e-01 8.654368025866572556e-02
3.597077950190550322e-01 1.349214553269385275e-01 2.027564568578782978e-01 1.417757284246440874e-01 2.347901995766213945e-01 1.147791715397465523e-01 6.404520694704891881e-02 5.633951371829184346e-02 8.324635075386951910e-02 5.472415204240836939e-01 3.490622593558493914e-01 7.958426353400367692e-02
1.462437056640758237e-01 2.371170654973696057e-01 2.847606176315788384e-01 2.401257931222619268e-01 2.440636976583338835e-01 4.208274397194904370e-01 2.189444318184648741e-01 1.384868891596127416e-01 4.667865456473645480e-01 2.597138034452750599e-01 7.921566407886485028e-02 2.425776608982299354e-01
3.459475270962929505e-01 4.688729747998433561e-01 3.151540727597979541e-01 3.107338444444898359e-02 1.480542755703941060e-01 2.421324591959068129e-01 4.514233587828571093e-01 3.251909678349079735e-01 3.504868725887853032e-01 2.896663691331266000e-01 3.448830458305890412e-01 3.121225244187368353e-01
